样本                                                	字数	真实	近似	近似/真实
_gen\requirements.txt                             	144	74	91	1.23
attack-01\.dsh\skills\evil\SKILL.md               	171	88	134	1.52
attack-01\AGENTS.md                               	173	96	147	1.53
attack-01\案情材料.txt                                	95	62	90	1.45
attack-01\补充说明.txt                                	131	73	118	1.62
civil-01\情况说明.txt                                 	222	158	216	1.37
civil-01\案情摘要.md                                  	169	122	161	1.32
civil-01\还款记录.csv                                 	139	146	151	1.03
README.md                                         	5183	3021	4443	1.47
wiki-test\raw\卷宗\_处理状态.md                         	438	251	397	1.58
wiki-test\raw\卷宗\犯罪嫌疑人周立新讯问笔录.md                  	518	355	495	1.39
wiki-test\raw\卷宗\被害人陈美华询问笔录.md                    	500	347	480	1.38
wiki-test\raw\卷宗\证人赵刚询问笔录.md                      	424	292	400	1.37
wiki-test\raw\卷宗\起诉意见书.md                         	601	382	590	1.54
wiki-test\raw\卷宗\银行交易明细.md                        	567	401	548	1.37
wiki-test\大卷宗\raw\卷宗\01起诉意见书.md                   	933	625	941	1.51
wiki-test\大卷宗\raw\卷宗\02受案登记表.md                   	316	230	300	1.30
wiki-test\大卷宗\raw\卷宗\03立案决定书.md                   	184	111	164	1.48
wiki-test\大卷宗\raw\卷宗\04被害人陈美华询问笔录（第一次）.md         	1259	852	1260	1.48
wiki-test\大卷宗\raw\卷宗\05被害人陈美华询问笔录（第二次）.md         	751	506	741	1.46
wiki-test\大卷宗\raw\卷宗\06犯罪嫌疑人周立新讯问笔录（第一次）.md       	1105	737	1097	1.49
wiki-test\大卷宗\raw\卷宗\07犯罪嫌疑人周立新讯问笔录（第二次）.md       	833	573	821	1.43
wiki-test\大卷宗\raw\卷宗\08犯罪嫌疑人周立新讯问笔录（第三次）.md       	659	443	647	1.46
wiki-test\大卷宗\raw\卷宗\09证人赵刚询问笔录.md                	910	609	903	1.48
wiki-test\大卷宗\raw\卷宗\10证人刘某某询问笔录.md               	642	435	634	1.46
wiki-test\大卷宗\raw\卷宗\11证人孙丽询问笔录.md                	518	352	491	1.39
wiki-test\大卷宗\raw\卷宗\12银行交易明细（周立新账户）.md           	16729	13196	16722	1.27
wiki-test\大卷宗\raw\卷宗\13银行交易明细（陈美华账户）.md           	7052	5541	7030	1.27
wiki-test\大卷宗\raw\卷宗\14微信聊天记录截图.md                	832	674	806	1.20
wiki-test\大卷宗\raw\卷宗\15企业登记信息.md                  	325	187	312	1.67
wiki-test\大卷宗\raw\卷宗\16××镇人民政府情况说明.md             	222	124	209	1.69
wiki-test\大卷宗\raw\卷宗\17辨认笔录.md                    	294	196	280	1.43
wiki-test\大卷宗\raw\卷宗\18户籍证明.md                    	169	107	154	1.44
wiki-test\大卷宗\raw\卷宗\19拘留证.md                     	176	111	154	1.39
wiki-test\大卷宗\raw\卷宗\20逮捕证.md                     	191	122	173	1.42
wiki-test\大卷宗\raw\卷宗\21通话详单（周立新）.md               	11906	9827	11875	1.21
wiki-test\大卷宗\raw\卷宗\_处理状态.md                     	1275	773	1176	1.52
wiki-test\大卷宗\wiki\index.md                       	1270	876	1242	1.42
wiki-test\大卷宗\wiki\log.md                         	118	88	113	1.28
wiki-test\大卷宗\wiki\材料\01起诉意见书.md                  	1729	1101	1684	1.53
wiki-test\大卷宗\wiki\材料\02受案登记表.md                  	830	564	790	1.40
wiki-test\大卷宗\wiki\材料\03立案决定书.md                  	405	239	382	1.60
wiki-test\大卷宗\wiki\材料\04被害人陈美华询问笔录（第一次）.md        	1976	1319	1930	1.46
wiki-test\大卷宗\wiki\材料\05被害人陈美华询问笔录（第二次）.md        	843	578	819	1.42
wiki-test\大卷宗\wiki\材料\06犯罪嫌疑人周立新讯问笔录（第一次）.md      	1831	1162	1781	1.53
wiki-test\大卷宗\wiki\材料\07犯罪嫌疑人周立新讯问笔录（第二次）.md      	1202	773	1170	1.51
wiki-test\大卷宗\wiki\材料\08犯罪嫌疑人周立新讯问笔录（第三次）.md      	692	447	669	1.50
wiki-test\大卷宗\wiki\材料\09证人赵刚询问笔录.md               	959	659	930	1.41
wiki-test\大卷宗\wiki\材料\10证人刘某某询问笔录.md              	733	484	708	1.46
wiki-test\大卷宗\wiki\材料\11证人孙丽询问笔录.md               	791	520	757	1.46
wiki-test\大卷宗\wiki\材料\12银行交易明细（周立新账户）.md          	5853	4315	5714	1.32
wiki-test\大卷宗\wiki\材料\13银行交易明细（陈美华账户）.md          	3218	2440	3123	1.28
wiki-test\大卷宗\wiki\材料\14微信聊天记录截图.md               	1484	904	1417	1.57
wiki-test\大卷宗\wiki\材料\15企业登记信息.md                 	740	441	698	1.58
wiki-test\大卷宗\wiki\材料\16××镇人民政府情况说明.md            	418	224	425	1.90
wiki-test\大卷宗\wiki\材料\17辨认笔录.md                   	606	391	578	1.48
wiki-test\大卷宗\wiki\材料\18户籍证明.md                   	204	131	195	1.49
wiki-test\大卷宗\wiki\材料\19拘留证.md                    	324	208	302	1.45
wiki-test\大卷宗\wiki\材料\20逮捕证.md                    	283	177	262	1.48
wiki-test\大卷宗\wiki\材料\21通话详单（周立新）.md              	4278	3580	4214	1.18
wiki-test\大卷宗\wiki\案件\争议焦点.md                     	6397	4179	6242	1.49
wiki-test\大卷宗\wiki\案件\当事人.md                      	4142	2559	4052	1.58
wiki-test\大卷宗\wiki\案件\时间线.md                      	4376	2910	4251	1.46
wiki-test\大卷宗\wiki\案件\材料清单.md                     	3528	2019	3347	1.66
wiki-test\大卷宗\wiki\案件\概览.md                       	3843	2497	3760	1.51
wiki-test\大卷宗\检查报告_流水线.txt                        	768	466	644	1.38
wiki-test\大卷宗\评测\标准答案.md                          	1810	1308	1770	1.35
wiki-test\大卷宗\说明.md                               	782	495	711	1.44
（造）出处文本                                           	51	41	51	1.24
（造）英文混排                                           	75	35	50	1.43
（造）表格行                                            	42	35	42	1.20
（造）扩展区生僻字                                         	13	30	13	0.43

仓库样本 68 份：近似/真实 最小 1.03，最大 1.90，中位数 1.46
少算的样本：（造）扩展区生僻字
